37.87
51.65
63.54
71.59
73.7
79.09
82.26
84.42
85.02
86.89
87.06
87.64
88.81
88.82
89.37
89.64999999999999
90.11
89.91
90.67
90.98
91.11
91.46
91.71000000000001
92.14
92.36999999999999
92.27
92.86999999999999
92.77
92.94
93.10000000000001
93.35
93.37
93.77
93.76
93.78
93.99
94.11
94.24
94.58
94.64
94.73
94.92
94.93
95.11
95.17999999999999
95.07
95.44
95.26
95.55
95.7
95.7
95.78
95.65
95.50999999999999
95.91
95.89
95.92
96.12
95.99
96.12
96.12
96.28999999999999
96.21
96.36
96.35000000000001
96.46000000000001
96.47
96.67999999999999
96.39999999999999
96.6
96.58
96.65
96.55
96.64
96.58
96.59
96.65
96.63000000000001
96.77
96.85000000000001
96.84
96.87
96.74000000000001
96.92
97.06
96.97
97.00999999999999
96.94
97.02
97.07000000000001
97.19
97.04
97.05
97.09
97.1
97.11
97.23
97.26
97.19
97.09
21.15
31.819999999999997
47.99
66.59
71.41999999999999
80.23
83.31
83.8
87.1
86.97
89.41
88.53
89.87
91.51
90.92
92.04
91.7
92.11
92.08
91.86
93.28999999999999
93.25
93.16
93.88
94.54
94.27
93.44
94.3
94.52000000000001
94.73
94.55
95.05
94.92
95.39
95.23
95.54
95.67
95.33
94.73
95.49
95.76
95.71
95.52000000000001
95.23
94.88
95.11
95.56
95.44
95.88
95.73
95.85000000000001
95.71
95.77
95.73
96.0
95.61
95.81
95.7
95.39999999999999
95.99
96.14
95.6
95.65
95.81
95.94
95.82000000000001
95.67
92.97999999999999
95.16
95.45
95.19
95.67999999999999
95.8
95.58
96.02000000000001
96.12
96.16
96.22
96.27
95.93
95.93
96.02000000000001
96.2
96.23
96.07
96.31
96.32
96.35000000000001
96.47
96.31
96.43
96.38
96.41
96.47
96.53
96.47
96.45
96.49
96.6
96.63000000000001
28.49
45.550000000000004
54.72
64.94
71.35000000000001
77.16
83.91
85.69
87.25
86.81
88.19
89.75999999999999
89.60000000000001
88.44
91.45
91.5
92.09
91.74
91.64999999999999
92.19000000000001
91.92
92.38
93.24
93.47
92.85
93.46
93.81
93.16
94.34
93.53
94.25
94.03
94.58
93.93
94.11
93.99
94.44
94.53
94.08
94.65
94.93
95.25
94.83
94.64
94.39
95.19999999999999
95.1
95.36
95.27
95.43
95.17999999999999
95.32000000000001
95.05
95.13000000000001
95.48
95.46
95.30999999999999
95.46
94.91000000000001
94.72
95.17999999999999
95.09
95.02000000000001
94.96
95.15
95.26
95.17
95.42
94.58
94.52000000000001
94.72
94.47
95.02000000000001
95.12
94.99
95.1
95.30999999999999
94.95
95.07
95.16
95.30999999999999
95.55
95.39
95.66
95.44
95.08
95.15
95.56
95.47
95.37
94.67999999999999
95.12
95.32000000000001
95.11
95.23
94.97
94.53
95.26
95.62
94.89999999999999
7.630000000000001
29.630000000000003
55.87
67.17
76.64
83.0
82.6
89.03999999999999
88.66000000000001
86.48
89.88000000000001
88.74
89.91
90.62
89.72
91.97
90.75999999999999
89.3
90.8
92.22
92.54
91.86999999999999
93.05
92.56
93.97999999999999
93.26
93.2
92.78
93.65
94.44
93.19
93.67
93.67999999999999
93.14
93.7
93.67999999999999
94.06
93.78
94.38
93.65
94.28999999999999
94.27
93.55
94.16
94.28
94.58
94.56
93.97999999999999
94.87
94.64
94.49
93.58999999999999
94.6
94.86
94.13
95.03
94.3
94.56
94.43
94.57
94.61
94.39999999999999
93.43
93.47
94.33
94.12
93.61
94.46
94.77
94.43
94.47
94.08999999999999
94.25
93.84
94.69
94.11
95.09
95.27
95.16
94.44
94.45
94.39999999999999
94.34
94.5
94.92
94.76
94.89999999999999
94.77
94.67999999999999
94.57
94.38
94.72
93.73
94.33
94.28
93.94
94.25
93.53
93.46
94.28999999999999
