47.88
82.84
86.00999999999999
89.45
90.81
91.14999999999999
93.05
93.51
93.28999999999999
94.78
94.08
93.67999999999999
94.92
95.3
94.46
95.87
93.91000000000001
95.73
95.06
96.05
95.61
95.89999999999999
96.61999999999999
95.88
96.16
96.57
95.27
96.76
95.63000000000001
95.85000000000001
95.53
95.54
96.16
95.58
96.97
96.17999999999999
96.47
95.21
96.77
96.39999999999999
96.2
96.34
96.64
96.59
96.71
96.6
95.89999999999999
97.02
95.57
96.88
96.89
96.61999999999999
96.12
96.55
96.08
96.61999999999999
96.56
96.93
97.09
97.17
95.81
96.71
96.74000000000001
96.59
96.93
97.08
96.8
96.50999999999999
95.71
96.64
96.0
96.66
96.13000000000001
96.11
96.25
95.75
95.72
96.6
96.05
96.09
96.22
96.25
96.49
96.41999999999999
96.07
96.57
96.12
96.38
96.0
96.38
95.66
96.08
96.39999999999999
95.92
96.2
96.22
95.63000000000001
95.05
95.35
95.73
45.06
77.98
88.8
91.14999999999999
90.05
92.11
93.46
94.28
93.93
95.49
95.05
94.97
95.52000000000001
96.3
95.75
96.09
94.88
96.16
95.77
95.81
96.46000000000001
95.37
96.92
95.86
96.37
95.89
96.43
96.67
95.67
96.87
97.06
96.76
96.74000000000001
97.09
97.14
96.63000000000001
96.59
96.54
96.93
96.17
96.69
96.65
95.38
96.2
96.96000000000001
96.88
97.06
97.06
97.18
97.26
96.81
97.02
97.22
96.59
97.11
97.00999999999999
96.25
97.07000000000001
97.11
97.00999999999999
97.11999999999999
97.24000000000001
96.74000000000001
96.97
96.39
96.66
96.8
96.84
96.12
96.73
96.99
96.59
96.12
96.67999999999999
96.17
96.28999999999999
96.8
96.08
96.15
96.13000000000001
96.13000000000001
96.12
95.83
96.36
96.02000000000001
95.93
95.81
95.59
96.36
96.32
95.99
96.32
96.44
95.98
95.89
95.94
95.30999999999999
95.69
96.11
96.0
55.44
82.8
83.22
89.79
91.7
93.13
93.66
93.7
91.64999999999999
94.87
94.56
95.6
94.03
93.77
95.95
96.21
95.56
96.07
95.7
96.26
95.99
95.17999999999999
95.65
94.58
94.91000000000001
95.89
96.55
95.53
96.32
96.83
96.48
96.52
96.19
96.58
96.84
96.22
95.62
96.64
96.96000000000001
96.86
96.24000000000001
96.53
97.04
96.11
96.85000000000001
96.86
96.52
96.94
96.94
96.76
96.57
96.52
96.46000000000001
96.39
96.46000000000001
96.98
96.15
96.58
96.28999999999999
96.74000000000001
96.82
96.93
96.86
95.65
96.92
96.87
96.48
96.88
96.84
97.05
96.94
96.50999999999999
97.00999999999999
97.00999999999999
96.93
97.28999999999999
96.8
96.93
96.91
97.02
96.88
96.89999999999999
96.82
97.05
96.98
96.66
96.91
96.8
97.0
96.72
96.93
96.77
96.71
96.35000000000001
97.08
97.03
97.08
96.97
96.53
97.05
43.89
73.48
87.62
84.6
87.8
89.74
93.61
92.74
94.5
94.72
94.31
94.56
93.69
94.61
94.34
94.34
94.14
94.98
94.85
93.27
94.8
94.23
93.47999999999999
94.19
95.64
94.03
95.04
94.51
94.92
94.55
95.44
94.93
95.27
95.39
94.48
92.73
94.06
93.35
94.12
95.49
93.78999999999999
92.67
93.89999999999999
94.34
93.94
94.24
94.6
93.89999999999999
90.72
94.17999999999999
93.14
94.06
94.71000000000001
93.06
94.65
94.17
94.3
94.39999999999999
94.46
93.91000000000001
93.96
94.54
94.35
94.22
93.77
94.92
93.12
94.52000000000001
93.27
94.13
94.1
94.69
94.67999999999999
94.3
94.39999999999999
95.06
94.67999999999999
94.3
94.92
93.65
94.67999999999999
94.65
93.94
95.57
94.69999999999999
94.98
94.67999999999999
94.95
95.09
93.85
94.58
93.85
94.97
94.77
95.19
94.41000000000001
94.34
93.62
94.32000000000001
93.46
