26.810000000000002
30.9
35.35
37.13
39.7
42.39
43.85
44.47
46.239999999999995
48.370000000000005
47.43
48.8
49.769999999999996
51.03
51.300000000000004
48.8
53.480000000000004
54.7
54.39000000000001
55.78999999999999
55.22
57.809999999999995
57.43000000000001
57.48
58.989999999999995
59.99
60.550000000000004
60.42999999999999
60.83
59.13
61.18
62.64999999999999
63.22
62.09
63.449999999999996
64.12
63.12
64.58
63.980000000000004
64.86
66.47
64.8
65.7
64.37
66.95
67.10000000000001
67.49000000000001
67.51
67.36999999999999
67.91
67.84
66.53
67.73
68.45
68.61
69.23
69.04
68.23
69.64
68.96
69.85
70.46
68.7
69.99
71.17999999999999
71.04
71.19
71.46000000000001
71.85000000000001
71.13000000000001
69.01
70.11
70.35
71.54
71.52
72.96000000000001
72.37
72.58
71.71
72.96000000000001
73.11999999999999
73.5
73.36
73.45
73.1
73.22999999999999
71.0
73.82
73.74000000000001
73.2
70.50999999999999
74.02
74.67
74.27
74.26
73.89
75.18
74.69
74.48
75.09
24.54
30.130000000000003
32.82
36.370000000000005
39.72
41.57
42.94
44.37
45.18
46.839999999999996
48.449999999999996
48.949999999999996
50.239999999999995
51.06
42.71
52.839999999999996
53.54
53.87
52.66
55.169999999999995
55.35
56.56
57.57
57.9
58.95
59.0
60.23
59.98
59.27
60.0
59.050000000000004
60.72
61.72
62.260000000000005
62.59
62.91
62.160000000000004
63.370000000000005
64.09
62.739999999999995
61.89
64.88000000000001
64.42999999999999
65.46
65.01
65.9
65.11
66.86
65.71000000000001
66.92
67.17999999999999
66.77
67.89
68.16
67.85
68.28999999999999
68.4
68.99
68.96
68.96
69.56
69.06
69.8
66.7
69.66
69.51
68.64
68.47999999999999
70.12
69.91000000000001
70.57
71.45
71.43
71.21
71.00999999999999
70.83
71.35000000000001
71.5
71.44
71.2
71.99
72.21
71.77
72.19
72.27
72.18
71.75
72.7
73.24000000000001
73.18
72.81
71.96000000000001
73.46000000000001
73.16
72.69
73.14
73.02
74.19
73.72999999999999
74.14
73.64
73.83999999999999
74.0
73.14
74.15
73.98
74.69
74.81
74.8
75.44
75.27000000000001
74.7
75.37
75.24
75.2
75.14999999999999
75.92999999999999
75.36
75.9
75.51
75.31
75.02
76.22
75.77000000000001
75.9
76.29
76.06
76.03999999999999
76.21
74.53
76.18
76.66
76.78
76.5
77.03
76.39
76.89
77.17
76.34
77.29
76.42999999999999
76.81
76.36
76.89
76.9
77.44
77.4
77.32
75.87
77.25
