28.49
45.550000000000004
54.72
64.94
71.35000000000001
77.16
83.91
85.69
87.25
86.81
88.19
89.75999999999999
89.60000000000001
88.44
91.45
91.5
92.09
91.74
91.64999999999999
92.19000000000001
91.92
92.38
93.24
93.47
92.85
93.46
93.81
93.16
94.34
93.53
94.25
94.03
94.58
93.93
94.11
93.99
94.44
94.53
94.08
94.65
94.93
95.25
94.83
94.64
94.39
95.19999999999999
95.1
95.36
95.27
95.43
95.17999999999999
95.32000000000001
95.05
95.13000000000001
95.48
95.46
95.30999999999999
95.46
94.91000000000001
94.72
95.17999999999999
95.09
95.02000000000001
94.96
95.15
95.26
95.17
95.42
94.58
94.52000000000001
94.72
94.47
95.02000000000001
95.12
94.99
95.1
95.30999999999999
94.95
95.07
95.16
95.30999999999999
95.55
95.39
95.66
95.44
95.08
95.15
95.56
95.47
95.37
94.67999999999999
95.12
95.32000000000001
95.11
95.23
94.97
94.53
95.26
95.62
94.89999999999999
17.9
30.819999999999997
31.69
48.76
59.41
77.73
77.24
81.46
80.08999999999999
87.37
86.82
87.15
90.21000000000001
90.56
88.16000000000001
89.69
88.86
90.69
90.02
91.29
90.55
90.68
90.88000000000001
92.43
90.56
90.35
92.41
90.84
92.25
90.55
91.62
92.46
92.28
92.81
93.24
94.02000000000001
91.67
92.62
93.16
94.07
92.30000000000001
92.09
92.66
92.08
89.14999999999999
91.67
92.96
92.22
92.77
91.17
90.23
93.15
91.97
92.24
93.11
93.17999999999999
91.61
93.56
92.74
92.52
92.13
93.0
91.72
93.45
91.69
87.94
91.64999999999999
92.53
92.25999999999999
93.22
89.83
91.03999999999999
91.53999999999999
90.55
90.27
89.91
89.68
91.21000000000001
90.39
92.63
92.31
89.84
89.84
90.89
92.01
91.64999999999999
90.61
89.99000000000001
90.57
90.36999999999999
89.84
89.36
87.47
87.71
86.39
88.19
91.12
89.58
88.44999999999999
88.11
