7.41
7.3999999999999995
12.24
10.39
9.09
11.77
13.08
6.239999999999999
14.13
14.02
21.67
49.830000000000005
53.23
68.11
77.27000000000001
81.2
84.89
86.87
87.87
89.45
89.08
90.45
90.7
91.51
90.92
90.91
91.78
92.78
92.72
92.92
92.58
93.27
92.85
93.93
94.11
94.01
94.83
94.61
94.77
95.19999999999999
95.17999999999999
94.46
94.91000000000001
95.02000000000001
93.97
95.21
95.22
95.28
94.91000000000001
94.98
95.50999999999999
95.35
96.05
95.57
96.02000000000001
94.92
95.93
96.0
96.07
96.16
95.55
95.32000000000001
96.00999999999999
96.08
95.73
95.74000000000001
95.63000000000001
95.64
96.04
96.17999999999999
95.67
95.73
95.47
95.84
95.67
96.2
94.85
