8.02
14.71
44.67
60.69
72.82
76.35
77.12
86.79
80.55
86.74
82.77
84.94
87.81
85.07000000000001
89.25
85.26
88.88000000000001
91.03
87.02
90.93
90.97
89.75999999999999
90.32
89.14
90.64999999999999
89.74
90.68
89.85
89.87
87.36
89.86
89.58
89.03
89.62
90.07
89.75
91.42
91.84
91.22
92.22
91.14999999999999
91.51
91.25999999999999
91.45
92.08
90.12
88.18
88.05
89.38000000000001
91.4
91.49000000000001
93.03
88.91
91.21000000000001
87.61
89.3
90.64999999999999
88.47
90.61
89.56
89.11
88.92
86.18
89.38000000000001
89.60000000000001
89.12
87.36
88.64
80.23
82.98
84.44
87.45
82.53
78.47
83.12
77.81
77.88000000000001
71.24000000000001
79.91
78.18
74.6
74.83
77.62
69.94
74.44
70.59
74.24
76.95
75.53
78.64999999999999
79.03999999999999
71.00999999999999
71.52
76.59
83.25
70.74000000000001
74.03
80.03
78.68
74.59
13.25
17.31
48.25
52.1
72.58
80.84
72.03
80.81
81.64
86.16
84.55
85.46000000000001
85.09
82.98
85.91
87.53999999999999
87.92
87.41
87.06
88.55
88.75
90.12
91.25999999999999
89.78
92.11
88.6
88.5
89.53
89.3
89.75
89.95
89.61
91.38
91.0
90.93
91.32000000000001
90.7
92.07
88.99000000000001
88.26
86.61999999999999
88.86
89.34
91.45
91.62
91.78
90.73
87.83
90.55
91.71000000000001
92.29
90.89
89.56
89.71000000000001
89.62
87.82
92.24
89.91
90.09
83.89
89.69
90.03999999999999
86.99
89.60000000000001
87.48
91.12
87.15
84.02
88.69
88.62
86.37
86.08
83.34
87.3
89.94
88.97
86.21
86.57000000000001
89.69
87.41
87.21
81.86
89.56
88.61
86.11999999999999
86.86
86.03
79.92
82.78
84.35000000000001
86.81
86.05000000000001
87.42999999999999
85.71
84.86
86.28
81.36
84.39
79.21000000000001
78.57
